0000 0000000000000000
0001 0000000000000000
0002 0000000000000000
0003 0000000000000000
0004 0000000000000000
0005 0000000000000000
0006 0000000000000000
0007 0000000000000000
0008 0000000000000000
0009 0000000000000000
0010 0000000000000000
0011 0000000000000000
0012 0000000000000000
0013 0000000000000000
0014 0000000000000000
0015 0000000000000000
0016 0000000000000000
0017 0000000000000000
0018 0000000000000000
0019 0000000000000000
0020 0000000000000000
0021 0000000000000000
0022 0000000000000000
0023 0000000000000000
0024 0000000000000000
0025 0000000000000000
0026 0000000000000000
0027 0000000000000000
0028 0000000000000000
0029 0000000000000000
0030 0000000000000000
0031 0000000000000000
0032 0000000000000000
0033 0000000000000000
0034 0000000000000000
0035 0000000000000000
0036 0000000000000000
0037 0000000000000000
0038 0000000000000000
0039 0000000000000000
0040 0000000000000000
0041 0000000000000000
0042 0000000000000000
0043 0000000000000000
0044 0000000000000000
0045 0000000000000000
0046 0000000000000000
0047 0000000000000000
0048 0000000000000000
0049 0000000000000000
0050 0000000000000000
0051 0000000000000000
0052 0000000000000000
0053 0000000000000000
0054 0000000000000000
0055 0000000000000000
0056 0000000000000000
0057 0000000000000000
0058 0000000000000000
0059 0000000000000000
0060 0000000000000000
0061 0000000000000000
0062 0000000000000000
0063 0000000000000000
0064 0000000000000000
0065 0000000000000000
0066 0000000000000000
0067 0000000000000000
0068 0000000000000000
0069 0000000000000000
0070 0000000000000000
0071 0000000000000000
0072 0000000000000000
0073 0000000000000000
0074 0000000000000000
0075 0000000000000000
0076 0000000000000000
0077 0000000000000000
0078 0000000000000000
0079 0000000000000000
0080 0000000000000000
0081 0000000000000000
0082 0000000000000000
0083 0000000000000000
0084 0000000000000000
0085 0000000000000000
0086 0000000000000000
0087 0000000000000000
0088 0000000000000000
0089 0000000000000000
0090 0000000000000000
0091 0000000000000000
0092 0000000000000000
0093 0000000000000000
0094 0000000000000000
0095 0000000000000000
0096 0000000000000000
0097 0000000000000000
0098 0000000000000000
0099 0000000000000000
0100 0000000000000000
0101 0000000000000000
0102 0000000000000000
0103 0000000000000000
0104 0000000000000000
0105 0000000000000000
0106 0000000000000000
0107 0000000000000000
0108 0000000000000000
0109 0000000000000000
0110 0000000000000000
0111 0000000000000000
0112 0000000000000000
0113 0000000000000000
0114 0000000000000000
0115 0000000000000000
0116 0000000000000000
0117 0000000000000000
0118 0000000000000000
0119 0000000000000000
0120 0000000000000000
0121 0000000000000000
0122 0000000000000000
0123 0000000000000000
0124 0000000000000000
0125 0000000000000000
0126 0000000000000000
0127 0000000000000000
0128 0000000000000000
0129 0000000000000000
0130 0000000000000000
0131 0000000000000000
0132 0000000000000000
0133 0000000000000000
0134 0000000000000000
0135 0000000000000000
0136 0000000000000000
0137 0000000000000000
0138 0000000000000000
0139 0000000000000000
0140 0000000000000000
0141 0000000000000000
0142 0000000000000000
0143 0000000000000000
0144 0000000000000000
0145 0000000000000000
0146 0000000000000000
0147 0000000000000000
0148 0000000000000000
0149 0000000000000000
0150 0000000000000000
0151 0000000000000000
0152 0000000000000000
0153 0000000000000000
0154 0000000000000000
0155 0000000000000000
0156 0000000000000000
0157 0000000000000000
0158 0000000000000000
0159 0000000000000000
0160 0000000000000000
0161 0000000000000000
0162 0000000000000000
0163 0000000000000000
0164 0000000000000000
0165 0000000000000000
0166 0000000000000000
0167 0000000000000000
0168 0000000000000000
0169 0000000000000000
0170 0000000000000000
0171 0000000000000000
0172 0000000000000000
0173 0000000000000000
0174 0000000000000000
0175 0000000000000000
0176 0000000000000000
0177 0000000000000000
0178 0000000000000000
0179 0000000000000000
0180 0000000000000000
0181 0000000000000000
0182 0000000000000000
0183 0000000000000000
0184 0000000000000000
0185 0000000000000000
0186 0000000000000000
0187 0000000000000000
0188 0000000000000000
0189 0000000000000000
0190 0000000000000000
0191 0000000000000000
0192 0000000000000000
0193 0000000000000000
0194 0000000000000000
0195 0000000000000000
0196 0000000000000000
0197 0000000000000000
0198 0000000000000000
0199 0000000000000000
0200 0000000000000000
0201 0000000000000000
0202 0000000000000000
0203 0000000000000000
0204 0000000000000000
0205 0000000000000000
0206 0000000000000000
0207 0000000000000000
0208 0000000000000000
0209 0000000000000000
0210 0000000000000000
0211 0000000000000000
0212 0000000000000000
0213 0000000000000000
0214 0000000000000000
0215 0000000000000000
0216 0000000000000000
0217 0000000000000000
0218 0000000000000000
0219 0000000000000000
0220 0000000000000000
0221 0000000000000000
0222 0000000000000000
0223 0000000000000000
0224 0000000000000000
0225 0000000000000000
0226 0000000000000000
0227 0000000000000000
0228 0000000000000000
0229 0000000000000000
0230 0000000000000000
0231 0000000000000000
0232 0000000000000000
0233 0000000000000000
0234 0000000000000000
0235 0000000000000000
0236 0000000000000000
0237 0000000000000000
0238 0000000000000000
0239 0000000000000000
0240 0000000000000000
0241 0000000000000000
0242 0000000000000000
0243 0000000000000000
0244 0000000000000000
0245 0000000000000000
0246 0000000000000000
0247 0000000000000000
0248 0000000000000000
0249 0000000000000000
0250 0000000000000000
0251 0000000000000000
0252 0000000000000000
0253 0000000000000000
0254 0000000000000000
0255 0000000000000000
